0.000000000000000000e+00 -1.065646211273474364e-07
6.289308176100629269e-03 1.102078250880822452e-08
1.257861635220125854e-02 -3.514254665049065807e-09
1.886792452830188954e-02 1.606379917973299598e-09
2.515723270440251708e-02 -8.470406598348745320e-10
3.144654088050314461e-02 4.649054474725744512e-10
3.773584905660377908e-02 -2.577200675091262383e-10
4.402515723270440662e-02 1.432338692097800958e-10
5.031446540880503415e-02 -7.965184067870723084e-11
5.660377358490566169e-02 4.429434596886494546e-11
6.289308176100628922e-02 -2.462297032934657182e-11
6.918238993710691676e-02 1.371613933542903396e-11
7.547169811320755817e-02 -7.632117160483176121e-12
8.176100628930818570e-02 4.198419389922491973e-12
8.805031446540881324e-02 -2.341238314329530112e-12
9.433962264150944077e-02 1.294075957503082464e-12
1.006289308176100683e-01 -6.723510637129948009e-13
1.069182389937106958e-01 3.934630399271554779e-13
1.132075471698113234e-01 -2.247091401841316838e-13
1.194968553459119509e-01 1.199040866595169064e-13
1.257861635220125784e-01 -4.529709940470638685e-14
1.320754716981132060e-01 5.240252676230738871e-14
1.383647798742138335e-01 -5.595524044110788964e-14
1.446540880503144610e-01 2.220446049250313081e-14
1.509433962264151163e-01 1.776356839400250465e-14
1.572327044025157439e-01 4.884981308350688778e-15
1.635220125786163714e-01 2.886579864025407005e-14
1.698113207547169989e-01 1.865174681370262988e-14
1.761006289308176265e-01 5.906386491005832795e-14
1.823899371069182540e-01 6.838973831690964289e-14
1.886792452830188815e-01 -7.238654120556020644e-14
1.949685534591195091e-01 -5.639932965095795225e-14
2.012578616352201366e-01 -1.021405182655144017e-14
2.075471698113207641e-01 -5.684341886080801487e-14
2.138364779874213917e-01 -2.020605904817784904e-14
2.201257861635220192e-01 4.352074256530613638e-14
2.264150943396226467e-01 -9.547918011776346248e-15
2.327044025157232743e-01 5.773159728050814010e-15
2.389937106918239018e-01 1.776356839400250465e-15
2.452830188679245293e-01 -2.273181642920008017e-14
2.515723270440251569e-01 -3.765043832260062118e-14
2.578616352201257844e-01 -1.056377207930836448e-13
2.641509433962264120e-01 -1.632027846198980114e-14
2.704402515723270395e-01 6.694644838489693939e-14
2.767295597484276670e-01 -7.860379014346108306e-14
2.830188679245282946e-01 1.776356839400250465e-14
2.893081761006289221e-01 -5.884182030513329664e-14
2.955974842767295496e-01 -5.750955267558310879e-14
3.018867924528302327e-01 -5.861977570020826533e-14
3.081761006289308602e-01 1.065814103640150279e-14
3.144654088050314877e-01 -6.172840016915870365e-14
3.207547169811321153e-01 2.930988785010413267e-14
3.270440251572327428e-01 -1.820765760385256726e-14
3.333333333333333703e-01 -7.904787935331114568e-14
3.396226415094339979e-01 -4.707345624410663731e-14
3.459119496855346254e-01 -1.243449787580175325e-14
3.522012578616352529e-01 1.509903313490212895e-14
3.584905660377358805e-01 0.000000000000000000e+00
3.647798742138365080e-01 -2.398081733190338127e-14
3.710691823899371355e-01 -6.128431095930864103e-14
3.773584905660377631e-01 -6.838973831690964289e-14
3.836477987421383906e-01 7.993605777301127091e-15
3.899371069182390181e-01 -3.730349362740525976e-14
3.962264150943396457e-01 8.881784197001252323e-16
4.025157232704402732e-01 3.463895836830488406e-14
4.088050314465409008e-01 -3.463895836830488406e-14
4.150943396226415283e-01 -1.776356839400250465e-15
4.213836477987421558e-01 -4.618527782440651208e-14
4.276729559748427834e-01 -5.684341886080801487e-14
4.339622641509434109e-01 6.039613253960851580e-14
4.402515723270440384e-01 -6.217248937900876626e-14
4.465408805031446660e-01 2.664535259100375697e-15
4.528301886792452935e-01 -7.993605777301127091e-15
4.591194968553459210e-01 -5.506706202140776441e-14
4.654088050314465486e-01 5.240252676230738871e-14
4.716981132075471761e-01 -1.332267629550187849e-14
4.779874213836478036e-01 -3.463895836830488406e-14
4.842767295597484312e-01 6.838973831690964289e-14
4.905660377358490587e-01 -3.641531520770513453e-14
4.968553459119496862e-01 1.776356839400250465e-15
5.031446540880503138e-01 8.881784197001252323e-16
5.094339622641509413e-01 -3.108624468950438313e-14
5.157232704402515688e-01 7.194245199571014382e-14
5.220125786163521964e-01 -2.309263891220325604e-14
5.283018867924528239e-01 -9.769962616701377556e-15
5.345911949685534514e-01 6.128431095930864103e-14
5.408805031446540790e-01 -1.865174681370262988e-14
5.471698113207547065e-01 8.881784197001252323e-15
5.534591194968553340e-01 2.398081733190338127e-14
5.597484276729559616e-01 -4.618527782440651208e-14
5.660377358490565891e-01 8.526512829121202230e-14
5.723270440251572166e-01 -5.950795411990839057e-14
5.786163522012578442e-01 2.930988785010413267e-14
5.849056603773584717e-01 1.865174681370262988e-14
5.911949685534590992e-01 4.352074256530613638e-14
5.974842767295597268e-01 -4.529709940470638685e-14
6.037735849056604653e-01 -2.309263891220325604e-14
6.100628930817610929e-01 2.131628207280300558e-14
6.163522012578617204e-01 -2.575717417130363174e-14
6.226415094339623479e-01 1.350031197944190353e-13
6.289308176100629755e-01 -3.375077994860475883e-14
6.352201257861636030e-01 3.996802888650563546e-14
6.415094339622642305e-01 6.306066779870889150e-14
6.477987421383648581e-01 3.819167204710538499e-14
6.540880503144654856e-01 -3.019806626980425790e-14
6.603773584905661131e-01 -5.906386491005832795e-14
6.666666666666667407e-01 3.685940441755519714e-14
6.729559748427673682e-01 7.327471962526033167e-14
6.792452830188679958e-01 5.462297281155770179e-14
6.855345911949686233e-01 -5.240252676230738871e-14
6.918238993710692508e-01 4.485301019485632423e-14
6.981132075471698784e-01 3.730349362740525976e-14
7.044025157232705059e-01 2.176037128265306819e-14
7.106918238993711334e-01 8.237854842718661530e-14
7.169811320754717610e-01 2.886579864025407005e-14
7.232704402515723885e-01 -2.997602166487922659e-14
7.295597484276730160e-01 2.187139358511558385e-14
7.358490566037736436e-01 -2.964295475749167963e-14
7.421383647798742711e-01 3.613775945154884539e-14
7.484276729559748986e-01 5.356826093816380308e-14
7.547169811320755262e-01 5.020983628867270454e-14
7.610062893081761537e-01 7.949196856316120829e-14
7.672955974842767812e-01 5.007105841059455997e-14
7.735849056603774088e-01 -2.797762022055394482e-14
7.798742138364780363e-01 2.797762022055394482e-14
7.861635220125786638e-01 8.637535131583717884e-14
7.924528301886792914e-01 -1.931788062847772380e-14
7.987421383647799189e-01 -7.727152251391089521e-14
8.050314465408805464e-01 2.886579864025407005e-14
8.113207547169811740e-01 -2.398081733190338127e-14
8.176100628930818015e-01 1.465494392505206633e-14
8.238993710691824290e-01 8.881784197001252323e-16
8.301886792452830566e-01 -2.753353101070388220e-14
8.364779874213836841e-01 3.064215547965432052e-14
8.427672955974843116e-01 -4.085620730620576069e-14
8.490566037735849392e-01 5.595524044110788964e-14
8.553459119496855667e-01 3.730349362740525976e-14
8.616352201257861942e-01 -3.641531520770513453e-14
8.679245283018868218e-01 6.927791673660976812e-14
8.742138364779874493e-01 -1.039168751049146522e-13
8.805031446540880768e-01 1.740829702612245455e-13
8.867924528301887044e-01 -1.652011860642232932e-13
8.930817610062893319e-01 3.481659405224490911e-13
8.993710691823899595e-01 -7.176481631177011877e-13
9.056603773584905870e-01 1.220357148667972069e-12
9.119496855345912145e-01 -2.294164858085423475e-12
9.182389937106918421e-01 4.329869796038110508e-12
9.245283018867924696e-01 -7.697842363540985389e-12
9.308176100628930971e-01 1.367439494970312808e-11
9.371069182389937247e-01 -2.462297032934657182e-11
9.433962264150943522e-01 4.423839072842383757e-11
9.496855345911949797e-01 -7.957989822671152069e-11
9.559748427672956073e-01 1.433031471265167056e-10
9.622641509433962348e-01 -2.577991153884795494e-10
9.685534591194968623e-01 4.649036711157350510e-10
9.748427672955974899e-01 -8.470824042206004378e-10
9.811320754716981174e-01 1.606384358865398099e-09
9.874213836477987449e-01 -3.514108115609815286e-09
9.937106918238993725e-01 1.102038460487619886e-08
1.000000000000000000e+00 -1.065630677032913809e-07
