0.000000000000000000e+00 -6.568068547022856762e+01 1.109418238178598699e+02 1.930184779477913182e+01 -4.268400294243233084e+00 1.627338769087946835e+00 -3.489749112777849605e-01 0.000000000000000000e+00 0.000000000000000000e+00 0.000000000000000000e+00 0.000000000000000000e+00 0.000000000000000000e+00 0.000000000000000000e+00 0.000000000000000000e+00 0.000000000000000000e+00 0.000000000000000000e+00 0.000000000000000000e+00 0.000000000000000000e+00 0.000000000000000000e+00 0.000000000000000000e+00
-6.037149852372979630e+00 0.000000000000000000e+00 -5.334500666227127708e-01 3.027577107920551924e+01 4.812751389255097934e+00 -6.877339674332036967e-01 7.752534696305972417e-02 0.000000000000000000e+00 0.000000000000000000e+00 0.000000000000000000e+00 0.000000000000000000e+00 0.000000000000000000e+00 0.000000000000000000e+00 0.000000000000000000e+00 0.000000000000000000e+00 0.000000000000000000e+00 0.000000000000000000e+00 0.000000000000000000e+00 0.000000000000000000e+00 0.000000000000000000e+00
-2.316111507253335589e+00 -1.197313756725846723e+01 0.000000000000000000e+00 1.239027062153556002e+01 7.483802747299664659e+00 3.619394375150432608e-01 -1.951794995500568883e-02 0.000000000000000000e+00 0.000000000000000000e+00 0.000000000000000000e+00 0.000000000000000000e+00 0.000000000000000000e+00 0.000000000000000000e+00 0.000000000000000000e+00 0.000000000000000000e+00 0.000000000000000000e+00 0.000000000000000000e+00 0.000000000000000000e+00 0.000000000000000000e+00 0.000000000000000000e+00
-2.261301935269168645e-02 -1.228355236160156405e+00 -6.109836400073198170e+00 0.000000000000000000e+00 6.109836400073198170e+00 1.228355236160156405e+00 2.261301935269168645e-02 0.000000000000000000e+00 0.000000000000000000e+00 0.000000000000000000e+00 0.000000000000000000e+00 0.000000000000000000e+00 0.000000000000000000e+00 0.000000000000000000e+00 0.000000000000000000e+00 0.000000000000000000e+00 0.000000000000000000e+00 0.000000000000000000e+00 0.000000000000000000e+00 0.000000000000000000e+00
0.000000000000000000e+00 -2.261301935269168645e-02 -1.228355236160156405e+00 -6.109836400073198170e+00 0.000000000000000000e+00 6.109836400073198170e+00 1.228355236160156405e+00 2.261301935269168645e-02 0.000000000000000000e+00 0.000000000000000000e+00 0.000000000000000000e+00 0.000000000000000000e+00 0.000000000000000000e+00 0.000000000000000000e+00 0.000000000000000000e+00 0.000000000000000000e+00 0.000000000000000000e+00 0.000000000000000000e+00 0.000000000000000000e+00 0.000000000000000000e+00
0.000000000000000000e+00 0.000000000000000000e+00 -2.261301935269168645e-02 -1.228355236160156405e+00 -6.109836400073198170e+00 0.000000000000000000e+00 6.109836400073198170e+00 1.228355236160156405e+00 2.261301935269168645e-02 0.000000000000000000e+00 0.000000000000000000e+00 0.000000000000000000e+00 0.000000000000000000e+00 0.000000000000000000e+00 0.000000000000000000e+00 0.000000000000000000e+00 0.000000000000000000e+00 0.000000000000000000e+00 0.000000000000000000e+00 0.000000000000000000e+00
0.000000000000000000e+00 0.000000000000000000e+00 0.000000000000000000e+00 -2.261301935269168645e-02 -1.228355236160156405e+00 -6.109836400073198170e+00 0.000000000000000000e+00 6.109836400073198170e+00 1.228355236160156405e+00 2.261301935269168645e-02 0.000000000000000000e+00 0.000000000000000000e+00 0.000000000000000000e+00 0.000000000000000000e+00 0.000000000000000000e+00 0.000000000000000000e+00 0.000000000000000000e+00 0.000000000000000000e+00 0.000000000000000000e+00 0.000000000000000000e+00
0.000000000000000000e+00 0.000000000000000000e+00 0.000000000000000000e+00 0.000000000000000000e+00 -2.261301935269168645e-02 -1.228355236160156405e+00 -6.109836400073198170e+00 0.000000000000000000e+00 6.109836400073198170e+00 1.228355236160156405e+00 2.261301935269168645e-02 0.000000000000000000e+00 0.000000000000000000e+00 0.000000000000000000e+00 0.000000000000000000e+00 0.000000000000000000e+00 0.000000000000000000e+00 0.000000000000000000e+00 0.000000000000000000e+00 0.000000000000000000e+00
0.000000000000000000e+00 0.000000000000000000e+00 0.000000000000000000e+00 0.000000000000000000e+00 0.000000000000000000e+00 -2.261301935269168645e-02 -1.228355236160156405e+00 -6.109836400073198170e+00 0.000000000000000000e+00 6.109836400073198170e+00 1.228355236160156405e+00 2.261301935269168645e-02 0.000000000000000000e+00 0.000000000000000000e+00 0.000000000000000000e+00 0.000000000000000000e+00 0.000000000000000000e+00 0.000000000000000000e+00 0.000000000000000000e+00 0.000000000000000000e+00
0.000000000000000000e+00 0.000000000000000000e+00 0.000000000000000000e+00 0.000000000000000000e+00 0.000000000000000000e+00 0.000000000000000000e+00 -2.261301935269168645e-02 -1.228355236160156405e+00 -6.109836400073198170e+00 0.000000000000000000e+00 6.109836400073198170e+00 1.228355236160156405e+00 2.261301935269168645e-02 0.000000000000000000e+00 0.000000000000000000e+00 0.000000000000000000e+00 0.000000000000000000e+00 0.000000000000000000e+00 0.000000000000000000e+00 0.000000000000000000e+00
0.000000000000000000e+00 0.000000000000000000e+00 0.000000000000000000e+00 0.000000000000000000e+00 0.000000000000000000e+00 0.000000000000000000e+00 0.000000000000000000e+00 -2.261301935269168645e-02 -1.228355236160156405e+00 -6.109836400073198170e+00 0.000000000000000000e+00 6.109836400073198170e+00 1.228355236160156405e+00 2.261301935269168645e-02 0.000000000000000000e+00 0.000000000000000000e+00 0.000000000000000000e+00 0.000000000000000000e+00 0.000000000000000000e+00 0.000000000000000000e+00
0.000000000000000000e+00 0.000000000000000000e+00 0.000000000000000000e+00 0.000000000000000000e+00 0.000000000000000000e+00 0.000000000000000000e+00 0.000000000000000000e+00 0.000000000000000000e+00 -2.261301935269168645e-02 -1.228355236160156405e+00 -6.109836400073198170e+00 0.000000000000000000e+00 6.109836400073198170e+00 1.228355236160156405e+00 2.261301935269168645e-02 0.000000000000000000e+00 0.000000000000000000e+00 0.000000000000000000e+00 0.000000000000000000e+00 0.000000000000000000e+00
0.000000000000000000e+00 0.000000000000000000e+00 0.000000000000000000e+00 0.000000000000000000e+00 0.000000000000000000e+00 0.000000000000000000e+00 0.000000000000000000e+00 0.000000000000000000e+00 0.000000000000000000e+00 -2.261301935269168645e-02 -1.228355236160156405e+00 -6.109836400073198170e+00 0.000000000000000000e+00 6.109836400073198170e+00 1.228355236160156405e+00 2.261301935269168645e-02 0.000000000000000000e+00 0.000000000000000000e+00 0.000000000000000000e+00 0.000000000000000000e+00
0.000000000000000000e+00 0.000000000000000000e+00 0.000000000000000000e+00 0.000000000000000000e+00 0.000000000000000000e+00 0.000000000000000000e+00 0.000000000000000000e+00 0.000000000000000000e+00 0.000000000000000000e+00 0.000000000000000000e+00 -2.261301935269168645e-02 -1.228355236160156405e+00 -6.109836400073198170e+00 0.000000000000000000e+00 6.109836400073198170e+00 1.228355236160156405e+00 2.261301935269168645e-02 0.000000000000000000e+00 0.000000000000000000e+00 0.000000000000000000e+00
0.000000000000000000e+00 0.000000000000000000e+00 0.000000000000000000e+00 0.000000000000000000e+00 0.000000000000000000e+00 0.000000000000000000e+00 0.000000000000000000e+00 0.000000000000000000e+00 0.000000000000000000e+00 0.000000000000000000e+00 0.000000000000000000e+00 -2.261301935269168645e-02 -1.228355236160156405e+00 -6.109836400073198170e+00 0.000000000000000000e+00 6.109836400073198170e+00 1.228355236160156405e+00 2.261301935269168645e-02 0.000000000000000000e+00 0.000000000000000000e+00
0.000000000000000000e+00 0.000000000000000000e+00 0.000000000000000000e+00 0.000000000000000000e+00 0.000000000000000000e+00 0.000000000000000000e+00 0.000000000000000000e+00 0.000000000000000000e+00 0.000000000000000000e+00 0.000000000000000000e+00 0.000000000000000000e+00 0.000000000000000000e+00 -2.261301935269168645e-02 -1.228355236160156405e+00 -6.109836400073198170e+00 0.000000000000000000e+00 6.109836400073198170e+00 1.228355236160156405e+00 2.261301935269168645e-02 0.000000000000000000e+00
0.000000000000000000e+00 0.000000000000000000e+00 0.000000000000000000e+00 0.000000000000000000e+00 0.000000000000000000e+00 0.000000000000000000e+00 0.000000000000000000e+00 0.000000000000000000e+00 0.000000000000000000e+00 0.000000000000000000e+00 0.000000000000000000e+00 0.000000000000000000e+00 0.000000000000000000e+00 -2.261301935269168645e-02 -1.228355236160156405e+00 -6.109836400073198170e+00 0.000000000000000000e+00 6.109836400073198170e+00 1.228355236160156405e+00 2.261301935269168645e-02
0.000000000000000000e+00 0.000000000000000000e+00 0.000000000000000000e+00 0.000000000000000000e+00 0.000000000000000000e+00 0.000000000000000000e+00 0.000000000000000000e+00 0.000000000000000000e+00 0.000000000000000000e+00 0.000000000000000000e+00 0.000000000000000000e+00 0.000000000000000000e+00 0.000000000000000000e+00 1.951794995500568883e-02 -3.619394375150432608e-01 -7.483802747299664659e+00 -1.239027062153556002e+01 0.000000000000000000e+00 1.197313756725846723e+01 2.316111507253335589e+00
0.000000000000000000e+00 0.000000000000000000e+00 0.000000000000000000e+00 0.000000000000000000e+00 0.000000000000000000e+00 0.000000000000000000e+00 0.000000000000000000e+00 0.000000000000000000e+00 0.000000000000000000e+00 0.000000000000000000e+00 0.000000000000000000e+00 0.000000000000000000e+00 0.000000000000000000e+00 -7.752534696305972417e-02 6.877339674332036967e-01 -4.812751389255097934e+00 -3.027577107920551924e+01 5.334500666227127708e-01 0.000000000000000000e+00 6.037149852372979630e+00
0.000000000000000000e+00 0.000000000000000000e+00 0.000000000000000000e+00 0.000000000000000000e+00 0.000000000000000000e+00 0.000000000000000000e+00 0.000000000000000000e+00 0.000000000000000000e+00 0.000000000000000000e+00 0.000000000000000000e+00 0.000000000000000000e+00 0.000000000000000000e+00 0.000000000000000000e+00 3.489749112777849605e-01 -1.627338769087946835e+00 4.268400294243233084e+00 -1.930184779477913182e+01 -1.109418238178598699e+02 6.568068547022856762e+01 0.000000000000000000e+00
